61
64
1
51
39
19
18
57
14
48
10
19
48
18
49
97
9
81
80
15
25
14
65
77
5
21
100
1
12
80
60
30
94
57
50
86
66
33
96
73
20
19
83
33
19
10
52
14
66
44
65
4
83
97
67
47
21
21
77
8
52
69
59
85
77
12
53
2
47
23
47
50
18
42
80
24
90
13
19
79
70
94
59
5
88
73
70
73
22
30
28
12
10
42
33
49
87
47
70
79
49
67
74
6
34
17
73
33
85
22
62
17
21
13
94
35
15
4
89
87
36
58
35
96
83
42
29
89
40
64
83
92
18
16
100
36
38
26
70
92
26
76
28
31
92
93
25
80
56
67
7
26
63
98
84
6
31
11
99
85
54
68
11
17
38
17
61
48
28
10
23
94
100
82
2
12
68
95
40
33
20
22
87
4
66
79
86
73
73
59
39
74
20
66
30
65
36
31
56
22
40
51
22
51
55
73
29
65
97
53
74
52
30
22
19
80
52
93
93
7
67
46
16
60
9
9
85
66
18
45
77
17
51
52
49
23
52
67
84
14
57
1
21
34
19
64
37
23
89
91
67
21
79
80
98
73
53
99
27
91
69
38
40
55
60
82
22
98
73
37
29
62
75
89
85
82
4
56
99
50
94
77
87
27
37
12
29
99
92
53
53
85
35
14
76
72
93
90
16
39
9
25
1
38
4
35
44
1
66
11
27
87
42
57
30
74
73
40
29
94
99
69
76
54
80
73
34
36
63
15
66
36
73
65
7
11
35
16
6
13
77
64
83
32
8
48
57
11
4
13
67
49
43
73
98
80
31
72
91
88
54
8
22
38
44
10
87
41
45
35
55
91
50
90
10
38
88
58
95
55
73
49
66
6
9
40
15
88
62
19
60
82
53
9
29
30
69
58
38
70
38
93
37
14
2
65
92
81
1
62
38
45
38
32
94
33
64
12
10
96
75
56
89
8
4
76
87
12
61
66
21
15
39
76
99
26
9
32
98
100
94
69
23
30
25
60
52
11
56
62
9
54
44
37
21
32
39
95
18
74
46
77
19
2
5
3
89
24
29
14
27
28
35
26
4
56
39
38
9
50
25
21
97
77
21
85
33
98
35
63
27
87
24
39
46
92
48
96
37
77
34
43
3
12
74
19
32
86
37
56
85
68
91
93
77
95
50
40
9
21
82
26
93
4
40
2
52
67
64
63
50
34
19
53
33
4
33
83
98
70
24
96
44
43
36
37
21
78
94
11
76
57
53
49
39
39
66
86
37
68
83
32
60
73
54
44
98
22
13
86
35
68
89
69
6
43
64
51
83
84
64
27
81
52
31
8
7
99
66
40
46
60
65
11
62
3
94
12
11
51
48
2
30
79
21
44
18
45
71
87
43
6
5
76
26
76
11
87
54
67
15
29
80
68
72
18
27
66
99
79
85
54
57
66
25
54
33
59
6
82
28
92
26
85
100
81
66
36
13
30
68
92
17
18
50
23
65
20
85
56
78
96
65
87
75
95
66
8
60
38
15
73
53
51
65
36
44
33
34
45
82
99
99
21
31
69
15
80
13
62
74
11
76
52
49
94
31
58
83
58
64
21
77
61
51
22
60
87
41
10
46
1
97
56
95
62
51
27
93
100
68
54
69
99
58
14
25
31
96
30
67
41
23
70
44
10
79
85
20
72
95
28
62
15
55
52
64
86
60
55
68
73
50
33
37
67
48
31
17
67
22
41
91
79
3
23
55
29
18
3
34
27
38
54
26
54
100
73
70
76
82
75
93
83
14
42
87
2
69
83
20
27
18
95
4
87
51
3
17
16
91
27
65
31
26
62
10
48
53
43
68
91
9
84
27
24
23
93
7
6
88
41
85
45
51
94
88
82
2
36
74
93
56
50
83
41
87
66
38
84
55
50
51
25
29
39
5
71
54
72
54
35
35
13
46
41
80
66
68
20
26
77
24
49
46
9
85
36
20
4
24
88
38
26
32
98
22
55
77
72
78
15
46
46
40
61
98
22
62
5
70
14
6
22
89
53
30
53
29
63
4
36
55
20
34
24
14
34
77
71
5
65
32
57
96
61
30
11
5
43
47
70
92
96
87
2
38
60
45
68
100
10
73
5
20
83
99
2
19
98
65
19
25
47
20
63
36
99
99
73
26
61
54
23
46
37
78
57
7
90
46
93
72
94
74
29
71
83
94
22
76
52
6
42
89
4
40
58
90
38
86
65
100
52
86
98
34
68
12
62
60
46
60
79
95
25
1
58
31
52