2352
4758
4877
9809
3547
7436
2960
6829
2318
4534
4346
1785
5520
1105
9577
4411
2642
8838
3154
5327
1679
741
5321
4111
1023
809
966
996
1325
2416
5426
9005
7306
3185
6498
1459
8885
9128
6332
568
2994
9057
3797
2445
2293
7538
7943
1539
3708
8653
1042
2584
6589
5968
4229
1362
9782
5523
8982
1221
1765
4460
525
523
5985
8037
970
6559
7367
6635
6714
4331
6161
7962
5678
7791
518
3736
1771
5568
7975
2371
5227
7029
8842
4935
5966
2138
9802
4992
5609
7739
8593
2709
2942
4082
912
7086
4385
1162
9818
6569
2417
4526
3887
6767
8188
9472
3567
1645
5932
4193
7718
564
8011
6055
9980
2198
272
8399
9129
7022
9989
2937
5646
1174
9012
9747
65
1352
2964
8349
641
1508
72
6300
3104
7311
6615
2679
8098
7411
5454
4581
694
8500
2880
6124
6853
6104
429
9640
5056
626
5339
3954
9160
2989
5331
7991
4441
6141
6908
2797
1774
540
2056
8253
4895
6411
6249
5266
5022
6791
2036
820
5657
3779
4333
2067
265
1202
6058
576
486
9103
8644
8353
7900
1316
1332
1021
8892
6741
1186
1344
2148
1631
1600
8110
5340
5336
2442
9362
5791
7364
853
9588
6556
3299
9853
683
254
9874
1654
781
1331
4976
7685
4576
4452
9146
3650
1510
4128
6757
9202
1537
2763
7911
7259
9212
1033
7559
8084
1901
8300
1975
4209
8409
8899
7303
8453
3663
6640
4424
3472
513
1795
2069
9942
1981
4058
2225
5098
604
1
2157
6196
9123
9247
4914
4909
9554
1041
3173
2573
5471
1956
4087
6005
2919
9124
7604
179
4057
3056
6288
3234
8138
6987
4932
2487
9021
165
4883
1736
3978
4706
4432
1730
2324
5552
5024
5412
8787
815
4548
5652
6432
7053
230
727
767
7532
6457
3875
5461
1892
5855
5345
9481
8249
8695
9064
1342
2634
9547
2893
8894
1788
9153
6139
4182
4476
5926
3268
3979
1016
2242
8238
7843
5531
7949
7849
4923
6534
5039
4372
8383
7067
4147
6898
9906
1473
6414
7327
6870
4388
6684
7369
888
5429
885
5896
6549
9031
9905
4384
375
3992
8166
740
5393
2876
5007
1230
9034
5592
1605
2306
3240
7461
2167
6485
8180
6285
5096
2323
171
603
126
5802
2606
4462
2204
6705
5303
1694
2249
1583
681
5704
1405
1282
2071
4121
7205
1142
3100
4647
2671
7553
3346
696
924
5973
5330
8540
8276
7969
6312
6580
338
2712
7968
6586
8682
5676
2187
7779
7555
3710
7282
7334
4151
1787
4901
8368
6566
4599
749
467
7547
2349
4220
9812
9913
8049
7985
3847
7826
1005
5772
4008
4378
9505
7820
9133
2918
8148
8117
2260
2222
652
161
6167
5097
4981
8568
1223
123
3627
9564
6
4479
135
8433
8054
9173
4351
1566
2163
1470
1120
9677
3890
6399
1126
1257
6298
3812
9763
3925
814
6069
3309
5706
6557
702
3015
2152
4495
6475
8264
6447
2993
914
6596
9912
6522
61
3142
2338
4767
8336
6945
477
1091
3416
1296
5986
3184
3419
5697
6983
4063
4355
5630
812
1634
7796
1546
6812
5405
3132
8993
9300
2890
8389
3771
8831
1544
9578
4871
2516
6436
8969
8743
1214
8555
4727
2332
9733
9514
1364
8047
3469
7384
9926
2547
6874
9994
4795
8833
214
3662
6828
8281
9437
4516
2883
7286
7916
2667
8637
237
6450
700
4097
1880
6594
1415
7963
3
6561
7541
6551
2215
3073
5892
4373
4071
7940
2094
3039
5459
6777
6276
3577
615
6995
2342
3571
5856
2756
1701
8588
8386
3742
7382
1766
7939
2508
9883
3109
7946
8468
3456
936
8511
6043
6934
5852
6440
9890
6809
9918
7920
6896
734
7242
4610
2544
8673
8759
4179
1731
1170
8757
3811
2427
2752
9341
1741
1997
5533
1328
1231
7834
939
5159
6115
916
2169
4787
4011
3088
9469
9244
267
2635
892
7049
657
935
9506
8718
3727
306
4536
7945
8218
5276
8817
3550
764
547
4020
1100
581
2117
9136
9868
8210
7766
9878
273
2922
2900
9891
5844
560
5649
1177
1888
5544
2847
870
2879
7603
5154
406
4190
3237
6319
8176
8330
8350
9638
9750
2109
4418
252
8488
8451
6097
6087
5878
186
2139
9974
4137
878
2813
1123
459
9449
7329
5292
1404
4801
9790
4945
6093
1424
6790
1130
2461
5219
7061
5936
6679
9583
9526
4861
8719
7674
9465
1874
3795
201
328
4508
5722
1288
9211
7233
1529
5554
2719
5661
8201
3076
1891
9110
4652
6973
557
5143
7352
3748
5473
2791
795
2336
5441
3186
1620
886
4363
2661
2295
6889
6446
9312
3378
3404
3145
2049
5370
3701
8577
3451
5580
8198
3893
3521
1875
4514
7415
6972
410
8829
2251
5849
3085
7472
228
4323
8042
9773
2633
212
5943
4081
9079
1601
3576
8455
6648
901
5164
4681
5987
6306
643
672
8307
7349
283
4324
6503
5999
3807
2594
6000
2172
1798
9711
7145
8915
332
2289
7262
9073
6079
1994
6974
4984
5539
8431
1114
2725
7456
9553
6478
4024
2300
8031
9284
6645
4352
9483
9692
7381
9736
3211
9298
5101
2592
6762
7038
2110
2796
2489
1165
8663
6962
1052
3435
1604
8542
4920
9686
38
5618
1495
9621
1696
6796
4214
4464
7088
8229
4863
5226
5884
7110
8835
1853
5280
2598
9950
5587
6795
534
9925
5664
4742
2403
8100
7409
8309
5108
1132
7452
9788
9311
926
2310
8665
9876
6438
6049
9984
9533
2568
2646
8617
4950
3194
8565
1382
6659
2470
153
393
4001
1373
2760
5060
4604
3796
6815
3613
5245
4550
7147
2182
6242
8213
3836
7563
8707
1733
5897
8464
7910
5597
2256
8064
2347
1063
3863
8388
5082
4768
9749
8545
3360
8934
5639
1607
6583
5127
3946
6707
2096
4291
8026
6672
184
5430
4745
1935
3274
1250
5282
9859
9803
4191
149
5277
3802
8270
6369
817
6710
6444
9871
2638
8013
289
9924
3739
3928
3809
9224
6370
821
4761
8398
3786
9839
9899
9811
3080
1134
3285
2724
2604
6661
3997
316
9727
2803
4306
5225
606
4541
1321
8666
4174
5239
6811
8256
6441
1480
2335
1687
2578
9613
6718
9573
8015
5009
6697
595
5939
9608
6521
5264
1829
5798
7227
2685
7174
1954
1739
8352
6131
7146
1089
5100
1971
867
4737
2029
5524
8933
6816
7554
7133
7580
1893
1750
2176
9530
2405
4436
5708
5468
3430
5258
7698
8705
1109
8310
3030
99
5085
644
3162
3750
9956
6465
1001
3734
3201
6032
3524
4557
7793
8919
8461
3005
9461
4659
7989
3392
3412
4256
9822
1207
5904
7333
8225
8561
2762
5827
7838
3647
7651
3700
7171
9683
5522
7197
5438
2026
1867
4386
490
2212
8860
9590
5267
3737
1779
9196
57
9717
3668
5242
4846
8920
3672
9744
1614
8777
5602
2933
1334
3929
8758
9471
7257
6347
7643
4609
2790
263
118
7869
7912
1905
9416
4624
5494
4079
137
797
5311
2283
8494
7721
9575
4486
3895
224
8700
239
7641
4222
6982
5116
359
5257
4613
818
7426
5776
8051
2807
2124
478
5651
2518
3988
651
4315
4874
1992
8975
4236
6143
421
6486
2196
1153
6013
1938
9397
7816
4261
9169
8275
7488
9761
6622
3129
5293
9667
1395
6199
6336
4375
1227
6358
208
5416
4674
381
7987
2409
9858
3307
6267
6385
630
806
4974
466
3953
4326
9330
3166
7037
7096
8896
2577
2626
9981
6287
2683
9493
7413
7189
4304
4061
971
1011
8499
9760
5476
1535
1066
750
122
7188
5753
4033
8768
3666
2714
3505
6862
367
379
3291
3458
3294
3384
1571
5008
7740
5015
629
8989
8203
7245
7601
7616
5812
3843
1725
8185
917
8606
2315
4365
1266
12
5506
3629
4360
2364
5338
438
1399
8000
9618
3654
2581
2774
9152
4273
8815
7756
5069
5357
5937
3278
6817
8403
6620
3563
4480
1784
4038
6554
8233
6031
4437
2920
3372
1048
4590
1081
8981
9200
2615
7847
8159
1304
9338
302
9869
7211
6089
1286
5485
6676
2605
495
1160
3311
9688
29
5944
7181
598
8038
4023
2072
3349
1318
5803
2698
2639
4927
6415
915
922
1925
2175
9611
1873
1624
9949
3728
2083
7884
8926
2976
4556
8324
1937
5353
5778
3910
1658
9078
335
9477
3149
5585
9270
4649
7836
4018
7506
6845
9854
1323
2084
2640
4854
6891
9210
5023
6702
2903
859
3874
2486
1485
2353
8105
8702
2620
3318
4587
8812
4258
5872
6034
4130
1917
1811
1444
4626
3367
3238
2984
315
1161
8444
8513
6582
9457
236
5502
6792
194
5784
1581
7251
9558
1218
271
7264
1291
9080
2450
6701
44
737
6689
5792
4958
8826
995
4878
5466
7486
5455
6716
3017
7854
1951
4104
6084
5062
5768
3332
9668
5894
7530
5927
1222
6579
5834
4867
3565
6224
9403
9784
1026
4507
3789
9399
7455
8214
389
2894
4782
1705
3436
5727
2645
6897
6238
9159
4280
667
6334
3941
7201
2220
6061
269
4891
899
9662
5382
229
7249
1813
4344
4127
8670
3207
6025
5789
8972
3167
1374
2551
7255
5946
2782
1061
1636
6297
648
8374
2025
9003
3018
3183
8979
8294
9560
9819
1148
3892
9188
9617
8380
3124
1886
8121
9427
9718
4948
4268
329
7748
9844
5700
6770
684
1457
3536
5881
397
8291
7751
4552
7877
5871
5713
9836
6146
6109
2385
1013
8369
8158
1479
4471
2226
7860
7100
9646
6608
5076
893
4417
8338
4580
3034
5688
7591
7893
8436
9193
7154
6241
4882
5785
4292
8024
3209
3930
5718
2123
9539
7003
3420
2239
5186
5922
2252
2881
3219
7301
4402
8970
7853
240
7774
4893
9520
55
687
3342
5404
8930
299
8692
8236
8986
3141
7020
9204
2862
4169
1468
2164
3493
3839
2961
798
4164
7803
8228
9405
7328
6227
3276
9094
5297
3661
8277
7058
3962
1528
419
6968
4699
8731
5490
9245
104
6091
4949
5673
6210
9623
9376
154
5908
5462
3762
2904
7101
7082
9320
8298
2411
4545
2054
5418
2753
1498
2658
3533
4524
5066
8076
9088
1702
3569
7119
6935
5137
3200
9048
6448
9100
9163
1255
4598
9595
6246
8408
3288
883
8005
4783
4106
9796
4060
491
6368
6544
8312
9122
508
4766
1090
9265
9177
3175
2715
4676
2575
4428
449
2546
7276
4213
3588
8679
5807
3019
112
2844
6070
5581
8434
9348
5994
2857
2947
5914
5877
2998
3438
8732
2780
8630
14
430
5030
3484
353
6338
2829
6624
5643
5659
8512
2237
8948
8508
1756
4643
8790
3163
1012
3324
1761
5829
6360
6299
7873
4512
550
1384
7023
451
9798
7731
3861
5274
3581
5624
1841
2421
9297
4515
1368
5296
3099
7551
5665
5291
3433
4983
959
3784
940
9151
8079
4314
3009
5233
6616
4239
6510
5517
2842
9893
5605
5793
999
4982
6955
6403
4359
5617
976
5671
8999
7928
855
64
1720
6453
9732
6763
8450
612
2923
5169
9019
524
446
9632
4165
2814
5250
5882
9669
6002
8959
8945
5859
5218
1769
7988
7571
1751
5648
1293
3906
6135
275
7272
6952
9604
6736
6147
6694
1211
3280
3934
7984
3825
532
3189
7046
5373
7296
5163
856
3079
6921
9203
2420
8113
9589
1555
2200
5551
7632
1301
8490
5332
9352
1883
1551
8457
465
6638
7404
4625
1791
8974
7202
9742
4276
6848
277
1732
3965
7118
2393
1273
2983
4092
7944
7951
3601
1504
6625
1317
5800
4178
5478
3573
7076
1887
2183
5275
4939
8669
5371
6866
3487
2143
8116
6532
5560
3959
804
2458
2740
9116
3459
7633
6215
9222
4784
597
9591
1383
1590
416
4022
4342
2888
3151
9046
5981
3799
7844
8929
1027
2569
9655
5136
7062
7717
1260
81
1628
3532
2599
7689
5192
4700
1998
5959
6667
3441
3515
5083
3864
8531
7316
6154
8687
8880
6523
3042
7558
7379
5933
441
1240
718
776
5924
7458
1458
6245
6502
3422
7881
6802
2670
7115
3768
1676
9393
913
1719
7099
8655
590
3599
7475
2132
7915
2466
5903
3155
489
2448
9125
6384
5734
6560
9825
8269
447
4527
8137
6008
9641
4915
7179
5352
6381
8466
4139
6296
4028
2710
6614
2792
9946
9729
7902
4603
2665
3943
3077
5842
2741
1517
6140
7815
2366
4916
8998
3539
7395
7219
6835
7199
3125
8762
4492
455
1467
4016
2824
218
5423
3066
7191
6305
4477
3924
2802
8859
8414
5928
4318
4472
4540
1299
7339
9739
2556
7758
5157
9930
7514
474
2773
954
7214
4650
2377
7688
3026
1099
42
9997
7122
8598
1814
9661
5512
3642
7736
2149
8967
5561
4875
4059
4469
4612
39
2373
6275
9233
9730
6182
5702
5249
1912
7105
4672
4122
8146
7380
712
7924
6906
1995
1752
70
2728
7482
2343
4502
5114
8951
2754
3402
7238
1603
2574
2028
7336
6662
9252
9375
6317
5450
2526
115
5210
7399
3749
2769
5837
4283
4504
2899
2048
1706
8035
726
8149
7423
4396
9700
693
3119
3380
1948
1822
1827
4446
8822
3096
2992
9056
5260
3334
5011
708
9710
1097
1908
8845
4839
2609
357
1192
2207
6990
3967
1185
6487
2206
6018
6536
4855
3735
6731
9615
2896
453
6496
2697
4990
5929
7727
785
8962
8283
9722
6539
287
8806
3244
1393
3628
3440
7440
9792
7241
1877
6169
7921
9824
699
957
8902
4076
7019
9074
7025
6020
9387
2861
952
3002
7063
6516
2097
1717
341
2566
2948
3014
6780
2127
463
9368
6364
4102
200
3227
4833
383
2307
5695
6675
3090
2179
8406
411
4227
7449
4362
9436
7659
6606
8487
1414
713
6531
2675
1599
3382
5140
2936
1683
9551
1289
8571
2050
5479
5049
8895
8940
2651
6348
8522
678
2788
3496
832
4196
5067
3127
1862
7972
4101
8413
5190
1801
2817
2818
3805
4799
4682
9815
1488
3295
3415
189
2376
8195
6136
4615
4717
2190
2612
7330
3281
4154
5153
9574
7649
2748
5057
8953
352
3991
6129
7363
5244
2367
6007
325
5690
7890
6720
4286
7230
3657
3371
8651
6671
3884
319
1157
6673
4420
9635
4085
8481
9120
5626
8292
8052
2999
2358
8931
7511
7225
978
7322
6258
9236
4936
6630
7338
7250
7310
2398
4270
7304
5861
4600
5611
868
5701
2104
9814
2572
2241
505
2852
6121
418
8935
7610
4491
2583
5629
7760
836
8955
9801
1845
7444
9513
6986
7585
8376
7709
6382
8007
6923
7497
2298
6223
10
529
3273
4862
5388
8223
6054
7728
1421
1763
37
8746
7341
1187
8479
9606
2657
2761
8749
686
9643
1432
2563
9206
1584
9404
2850
3016
1659
8299
174
7108
8099
2003
3508
7234
9105
8706
4321
1982
7576
9518
8033
2010
8321
7548
3241
8883
724
1974
8254
770
4781
8357
1716
1246
3658
2257
6687
4690
2064
8662
1357
619
2997
6949
7810
5958
3377
6793
6509
1049
7851
1338
1018
2354
9286
6354
5750
2234
2303
9947
9102
9183
6959
3432
274
7206
4565
1437
8736
4564
9281
1236
4080
7307
7500
3520
8609
1411
8498
7094
6209
4109
7953
7999
6145
1596
3814
3266
4617
2137
6423
8441
8753
4400
6880
4985
3883
9758
5608
3713
190
1258
7630
561
1068
8958
1991
5223
5767
5470
4924
7716
9084
8629
8449
9353
8364
4161
8057
5165
8936
9734
6379
8984
7335
3636
8489
8828
4158
9355
9025
3936
2261
671
1642
616
6925
5381
1934
2401
679
7897
5557
8796
7120
7496
9060
5122
128
7540
9597
3975
3605
8257
3172
951
5236
8129
7224
6631
1567
6268
5212
2363
204
4860
3820
4894
8019
2113
5940
2254
1760
4021
284
9951
3841
3698
2178
8150
3558
492
6042
6125
159
2147
1179
5997
3706
3217
394
7703
5425
5879
2004
4370
511
5614
2383
2751
9443
5326
6082
3187
4902
2350
4520
8898
6412
1044
5389
7442
7526
9377
1664
9292
24
2460
7818
7451
3053
5028
5620
5540
7833
3467
4467
1244
548
1150
6320
1980
7149
7546
7696
7279
3148
8165
1204
2629
9985
664
9112
5666
1215
5036
8074
6657
8723
3970
8554
2927
6187
4715
5231
5645
9137
1173
2716
8923
1817
3464
8346
6852
7544
100
1417
586
1158
4266
5195
4656
2582
4752
4401
8255
5396
8850
808
6247
8529
9967
7767
2648
8985
6428
1549
9751
1241
5109
2768
8029
7750
4141
6257
4996
6623
6899
8709
4675
8874
163
4329
617
2216
7653
8881
6392
4753
2607
4025
8649
6443
6484
4807
8096
6636
7817
1117
9478
3224
838
2975
752
4849
1169
9510
2515
6173
6913
7243
988
2230
5014
500
233
993
4136
9576
7700
6086
9565
2065
1035
8467
4153
7098
7592
6517
1973
1681
1846
938
2684
2447
9857
918
8458
8469
611
8128
8686
4793
8611
3296
7260
4968
1190
8683
7705
1447
1346
6220
6504
8367
5513
7210
3475
8142
862
4498
5115
1025
391
4197
2369
6628
2116
9821
8546
7204
9118
7682
1996
7342
3261
946
3379
5864
1198
8907
62
8536
7805
2839
1359
4732
9975
4561
833
7143
5783
7128
4808
7771
2314
6988
6724
4919
1094
6235
9892
8194
4677
790
9705
4754
2662
6293
665
5976
6255
385
9149
6262
9684
5566
6239
4043
7040
2210
9599
6134
7324
2734
2952
2692
2370
8518
6969
5241
2503
802
3337
3561
5443
1128
8392
3193
2567
5972
2399
6388
4287
682
2870
3590
3331
3894
2587
5059
3263
9861
7577
2480
8419
7732
7196
2505
5187
4730
5627
245
3113
7160
9887
4804
5691
270
1609
9187
6088
8208
1502
8748
1872
9381
4237
5636
8412
609
4093
1904
8463
6553
3640
4655
3086
1294
9596
6283
8954
1229
5072
3316
4921
5341
6518
7886
3321
7979
7354
9197
9307
1212
7697
3491
2834
9860
9909
2550
4035
3898
8901
1762
1145
3822
7581
4120
4736
4733
1931
1403
4289
4820
9398
3516
2177
1890
5740
6491
4977
9863
7775
5301
5810
2346
6243
8638
6158
779
1007
7168
5741
6576
8946
1472
1520
4926
3585
5509
1722
4341
8473
8514
6327
6417
9804
788
7477
3037
2292
6512
9845
6999
4358
9323
9026
3846
3951
1233
2721
3560
3450
9325
2418
6112
4686
1916
1881
7009
6295
3477
2320
7498
8319
2886
7648
3603
8916
9660
1589
2905
6155
6474
2873
9627
9917
6434
7813
9246
244
8114
5209
9731
5786
4199
659
3680
5040
1703
2837
481
4096
8327
9360
3218
3413
6965
2676
1743
6967
3637
9304
2019
1133
2951
4305
6937
8750
8834
2809
2647
5579
56
8557
5452
4851
1672
1314
3046
5446
7825
8772
3758
8014
1464
2707
8156
1594
5111
4172
6111
4903
5492
7875
8040
5270
6729
7556
1781
4488
3920
4769
1175
731
3347
8190
4697
9960
4630
8701
2016
3012
9087
2273
2265
3297
3885
747
5038
4989
3788
1657
8267
2181
1802
6778
8030
8240
2284
1270
423
8061
2031
1410
8814
4371
8362
8573
3596
7885
8202
6113
8154
5848
220
363
4410
1335
98
5684
7552
5308
5171
3989
3626
506
1418
7033
6449
2302
4443
3369
4964
5760
3974
4044
3597
4242
8875
4393
7178
6571
7762
6217
7015
2121
6192
5360
6821
2826
6314
3688
1191
9424
3503
7340
4308
9431
6750
9417
2666
8196
6178
9762
4722
8675
4189
5543
7270
6980
8576
1442
8366
7531
8646
4800
3819
1850
6514
3388
8549
1767
2772
1466
6677
7281
8882
2311
9610
607
6396
6883
8645
1247
9035
3301
9653
3541
9888
5134
3486
6975
8227
5295
7129
2828
6051
5145
7493
4678
1915
9014
9556
7299
5298
1745
2963
6604
3443
469
4530
7473
7663
6597
3206
8677
9254
7104
4812
7406
6321
8041
1744
4602
1349
193
1420
8626
1441
9851
4434
4167
3257
96
7613
5763
86
8122
4157
1122
3592
5759
6877
4332
8416
1704
344
884
5748
7253
4131
2499
3478
6574
6291
5511
9186
7222
7982
9993
5493
7593
7113
9279
6331
4125
6156
5305
5672
9937
3716
3047
7619
92
835
5569
539
762
3878
6768
2990
5198
3832
6313
1129
7001
4354
9555
5138
3089
8002
1807
8717
8189
5379
1336
1358
9935
4856
1370
142
5564
6259
7904
52
4521
6494
6682
6366
3606
2891
9902
1692
468
3619
9389
3986
9466
8401
7508
1298
8063
8083
4907
875
9062
3345
3993
5148
9516
2057
3938
7469
9097
3942
3593
2348
9941
5483
9432
7669
9738
484
9066
5640
9425
3078
1698
695
2793
3352
7203
6117
3428
4100
574
8539
144
1400
9866
9480
1428
8552
45
7153
9041
5337
7887
5975
6546
8583
9213
3492
4320
7729
317
7786
1242
5874
4285
5356
47
7683
1080
7595
4387
7564
1196
9191
4708
7280
7375
5206
3848
8139
7936
510
1682
857
5869
175
6107
3507
140
9221
6337
2585
4785
932
839
1896
4740
226
8592
6611
3690
2810
4124
5499
5901
5484
3480
4200
366
6225
6148
6513
460
4852
4988
1159
5496
7419
7523
7261
8018
7481
6893
1356
5743
9756
5161
4546
8012
1806
9178
2525
167
789
1828
2375
786
1397
7590
9767
8855
6260
4748
5913
7064
5868
5078
9958
8734
5549
4034
1943
9562
8280
4255
1348
6836
7661
9704
9205
7842
2806
1718
9719
2227
1070
1724
9063
2082
9054
8470
8618
471
5306
9870
4399
5774
3692
5596
4583
7378
2223
1675
5808
5118
9855
8224
8547
2827
4826
7776
4934
8729
6558
7229
1759
1515
9065
9000
6989
1002
1842
6837
4836
925
2429
102
6748
7840
8690
8418
6909
5180
5961
414
3971
4711
2244
601
3939
1723
977
4390
7457
7675
5335
7042
6375
2446
4259
2535
2040
908
8711
1858
6626
8296
6176
2747
9039
881
5300
4438
4528
5021
9142
2165
2982
6833
955
2800
7216
2723
6794
4796
9126
324
1936
1863
374
8217
3826
365
3199
8823
4046
9099
3835
9
819
2859
9725
6639
9648
5204
1979
9543
7374
6541
1166
5584
6568
6666
3098
4211
7625
4596
844
902
5725
9028
1493
202
2203
2695
6775
3709
2694
1443
4382
88
7711
755
9995
7769
3251
1545
425
4858
1337
9209
6519
8085
8363
2415
8827
3171
8558
4805
1962
5387
6939
3683
1388
8443
8141
3305
3444
2560
3691
3754
6783
9155
5368
8242
9971
9474
1797
6618
2600
8067
4450
2287
4898
3255
4366
1394
8425
7723
3914
2467
2041
2946
9759
1087
7355
8754
7744
3425
2061
6867
8563
9614
1147
777
1942
6433
4494
6232
5319
5677
4501
5465
6743
3439
7035
4238
2080
5232
4757
3465
2341
1385
3675
6508
3908
8069
5287
6650
1274
1022
5251
2321
7738
427
2389
2452
7492
3001
22
3385
7749
5729
9569
1086
6888
1610
2565
5377
1522
3239
4065
4811
3083
5710
1989
6764
2339
9453
5796
4872
8274
9889
7433
1856
6722
9275
452
7640
9807
2836
2361
8843
6844
9168
9776
6868
2235
1952
5589
8636
8241
5475
783
5911
2279
3196
3780
6917
5749
9724
5529
1542
512
6191
9382
3969
1519
4047
8747
1302
6678
6166
9070
3634
530
2047
7479
7699
1060
1953
7239
2386
5662
6480
309
2221
8852
6373
9276
4633
2739
4993
3996
1547
5836
9293
1669
3684
7389
422
9115
4749
1486
426
3793
7353
6550
5954
9445
2571
7059
6886
4212
7093
3463
4978
1263
3509
5362
2720
6595
5738
7055
9992
7644
6834
3907
7393
1149
6106
9982
1261
2522
7922
1455
4775
7010
3398
5294
6779
4054
2495
7996
6801
6803
8570
7701
4879
8107
3947
4946
928
3984
2492
7163
3554
5168
1489
8246
4960
1653
8560
9843
5071
9548
6964
2372
7396
1378
5061
9452
3850
2107
8763
3147
7560
7800
7183
3904
3160
6378
660
5126
9239
1835
8335
1926
3204
5424
1665
8020
5031
84
60
5910
6056
4837
261
4510
7218
1330
9605
2267
7966
347
1320
6785
4177
6356
5541
9448
5415
9075
4505
9789
7950
4319
3326
4646
5197
1453
8402
8681
9636
9383
4490
1968
6410
4108
772
3699
2462
7138
4412
8517
2799
6282
8693
7671
4037
8341
3958
543
5317
7295
9786
7954
3557
6343
5658
4559
5674
1558
6820
4210
7971
1655
8302
1832
2616
8134
9182
4284
9834
9501
6960
3818
9537
5583
3330
480
7599
23
3091
3643
1526
1598
9139
6663
6895
5448
6905
8393
5420
5770
1363
7155
7926
6495
3753
1361
1072
278
9491
8877
9218
2253
2128
1673
6832
251
3999
8910
479
5120
9842
5150
8639
5068
3824
2623
3918
8430
4353
7878
4660
964
605
537
6958
6613
4463
1559
1988
4628
6361
8854
7462
5155
368
6250
4896
7579
9945
7525
7964
9634
1825
1670
7753
1734
2199
2689
7888
405
50
2786
127
4311
1392
751
8524
8123
4873
8795
73
1851
303
9228
8660
6233
9479
4343
2624
8937
8820
3931
1556
3656
83
3228
4866
8289
6910
813
2432
780
5840
6080
5238
2111
8200
6452
8297
8811
6409
94
2060
6128
4738
3761
9095
4002
5962
3633
4473
9943
155
6822
5518
6066
6017
5663
1632
8708
6882
8505
5268
4427
2916
516
5553
2355
3188
4759
6713
404
8288
594
1713
2250
7474
2576
9829
9689
8118
8168
9450
9411
9161
5286
8807
9251
1354
5732
4004
730
5497
4078
1834
205
2687
675
9581
1878
9787
3335
6064
6398
9535
177
2557
9380
2255
3095
3054
2958
9896
307
8442
2281
3059
6230
4571
6472
8104
6350
7321
4369
9208
5832
6593
927
991
7857
9259
923
6294
9010
4822
1154
3704
2848
5407
6644
6977
5432
6747
4744
3671
4042
1245
114
3319
2068
5601
6738
8961
1897
494
4150
9622
3679
6461
5413
9708
7607
9546
1639
4823
1071
1849
635
256
1093
2981
4338
4843
5234
371
6170
407
4772
6685
6765
4340
7866
1006
6515
3256
8680
4267
8587
9492
6126
1778
2425
9780
7615
9879
3552
4657
9426
4098
2808
2245
6632
4741
6105
7085
9482
9237
1786
7650
4720
294
4575
4205
960
6902
9018
4588
8070
8521
3922
9633
3032
9737
4731
8888
5177
5853
7387
5656
3060
6754
151
4991
1203
846
7629
9663
231
3252
2392
2970
1921
152
1794
1857
4595
9944
3693
6068
6706
937
5862
6627
7864
4405
2543
9676
5709
5556
4792
3365
4317
9238
2431
1038
8566
8659
160
3306
6459
6309
4048
1949
7315
8585
4091
5027
7385
9716
2536
5860
1894
1656
7539
4017
2197
4824
7719
5815
7899
5447
7677
2953
4555
4943
7567
4959
4817
4422
1199
5457
1095
8184
4468
5756
2688
292
9973
4618
482
5408
4030
5528
5563
1115
3010
7167
4689
7831
2030
7177
2058
5130
4202
1932
7720
9257
863
3136
6787
8272
5000
5019
9678
1649
2914
1057
2843
2771
542
7896
7665
5243
2908
297
4330
1586
5622
2258
558
3138
9512
2770
1062
4774
7871
5158
2779
4451
7712
1972
5846
280
3522
2270
9603
8947
9999
3485
2297
2481
5930
318
796
7083
8515
6520
8405
7664
9755
9682
5905
8810
5619
3040
8475
2949
2340
9225
1612
7392
3336
794
7584
7495
4535
2406
6831
2610
985
2940
1876
2400
7358
5670
5571
9223
8284
3956
9672
9181
9374
5982
162
2702
4325
2272
7308
910
9085
9135
9586
5070
5348
3945
7226
219
3122
7305
9475
7366
2301
2024
1423
968
4815
8658
1116
3182
3810
5505
7405
7993
9826
9214
6979
1409
6529
2063
972
8059
1176
6699
840
4798
2043
4483
8525
1427
4185
2531
113
2211
1959
4485
1533
8703
3383
4478
7550
6270
7298
2932
373
1206
4931
6668
6159
300
7906
3714
4368
1754
1315
8567
3844
7289
9938
7425
920
4377
4470
3752
7788
4217
5451
9015
320
7807
9897
6744
323
9991
1350
4724
105
1232
7060
6266
3556
2750
1102
5481
656
5823
7417
1543
3968
738
3646
4194
8396
8871
2105
2608
6387
8182
8183
5991
2276
5135
6197
1957
4429
748
2360
677
3445
1776
1396
1524
7882
7376
9082
4840
6719
9674
2950
2530
7217
5288
5967
1155
8647
1275
8164
3038
1422
5575
6473
1181
3191
461
9563
3081
673
1182
7652
8520
6380
8046
2309
943
7372
403
4786
8130
7095
4778
7872
9696
1264
7811
9336
5064
7400
5758
7822
9351
8996
7412
6488
7213
6651
6219
9413
3494
5538
4765
9846
7507
4277
5397
6619
6887
5133
1355
7212
4638
842
3350
1292
4809
2000
6776
9800
7065
9769
7407
7165
3664
591
9594
8230
2404
8175
2046
6944
7075
874
3665
1032
2357
3044
1208
6401
7048
9364
1621
3504
9549
1249
967
3462
2513
5427
2500
4430
519
346
4249
2286
9495
1907
4973
6273
8251
9757
6060
4938
2170
2070
9895
2906
1793
9528
5918
5261
3526
6279
7901
9038
8456
9180
3121
9626
5434
3570
9410
9468
326
4456
3282
5089
1783
6932
5806
6346
1308
4458
7693
1284
7284
1902
5668
7837
27
5582
989
7103
4459
1324
195
1092
2246
4963
3877
7801
210
5193
3517
4841
8802
4455
9979
7535
5329
887
711
1963
4953
443
3424
3455
4274
5211
5669
8824
1433
8968
7934
2319
2991
5364
4589
4040
6900
3651
6956
9004
6535
1345
4567
8354
4409
4952
8863
3731
5323
6621
9702
369
9395
3028
7797
6938
1635
5794
2482
6456
6163
4627
9226
1560
1738
4905
521
2122
9433
9726
2917
9451
2009
7909
5521
9884
413
6365
7502
9164
3998
8178
6875
704
690
6325
3355
2288
2659
8452
8950
8616
9076
2153
2483
4012
2134
2351
1098
900
5742
8334
6839
4842
3253
7628
7011
5865
4522
4180
4374
2317
3205
4568
401
7942
6277
710
9008
1194
1197
577
1312
969
6542
9489
9966
8534
1050
2380
3373
5546
2394
3649
5230
3645
8320
7707
9201
1613
3660
6742
6023
1868
2877
2449
7069
9772
7883
6353
7574
6315
8103
549
4771
1715
8170
8017
3348
8720
3396
2613
1671
7273
1497
8355
6237
8594
4381
2345
7106
4146
6322
9781
571
5818
1224
9540
4350
1009
2863
3368
1193
3341
3381
9282
2929
4584
9285
9071
5542
9051
8021
4168
5456
6103
3284
6451
8220
2910
8132
5960
7955
9488
7394
9831
7424
5537
93
6894
1112
6931
9295
4394
4013
2865
91
1210
5769
7254
4997
8090
2218
8976
845
578
253
852
5833
9916
728
1051
6304
6901
5578
1523
6130
8887
5050
158
666
2636
7437
8044
8415
8009
4670
567
8243
2511
2066
5178
3174
8994
3082
7326
743
1821
4614
8927
7231
9872
1955
638
9629
4148
801
7935
7429
8922
1030
8144
3215
7391
6610
4553
5125
7102
7012
9385
4980
5365
9356
4465
6708
106
2471
9303
5707
8004
6351
2018
1815
1879
2884
6892
4115
4853
9441
8077
7808
3778
4225
7337
6101
2678
1505
2236
2833
4188
6308
2864
8177
2955
2472
4219
9369
4442
2737
1837
2820
339
3525
4654
9919
8417
1283
6340
131
8980
6851
6193
1031
3265
5355
9990
6588
1310
6592
4281
1434
6367
6244
7903
8333
281
4788
3917
4747
9642
7318
1993
2783
8578
1462
8446
8088
2008
9023
9494
1819
5948
2231
5941
768
8287
7016
9083
9288
9485
9567
4145
8963
5113
9805
9785
9799
1101
1710
7274
4083
9439
6014
5694
2099
8765
9695
6328
5080
706
4623
5781
3725
8206
8034
2840
7600
7504
4671
3405
1638
6928
7583
331
5495
866
8474
3828
2055
7992
933
6813
8022
1309
7240
4088
8326
2588
7973
4051
5139
6847
7398
1911
3338
2189
8590
8776
6004
2451
6142
9314
3333
2743
7597
7435
725
9521
7300
5378
4068
6421
1451
4235
6721
4790
119
7880
773
2440
5814
829
1073
3622
7377
7754
7977
2872
2713
3070
180
3555
3421
787
6095
2443
6352
4206
3546
8124
8516
3963
3286
4262
2259
2821
6165
3982
5577
2868
164
3853
6254
1616
3448
475
3152
566
1482
5458
8501
4062
8595
8157
3755
6011
4216
6617
3361
4897
6749
8752
5417
9068
765
2268
8615
5384
4683
3817
9712
4779
1570
7824
48
6936
2672
9619
8509
7621
8371
715
4445
9584
1285
4454
4802
54
847
1152
7004
6587
6511
4201
3537
497
3304
260
1742
8325
3879
7612
4367
6330
4007
5841
2776
7520
59
4651
997
3474
9109
3923
6547
7084
5043
9091
5173
8623
488
2832
771
2159
5131
7806
4751
9106
8773
2926
6335
5586
6228
172
1000
9833
2266
7320
5090
2498
4961
4143
2325
2988
4912
3535
7008
1644
7925
8472
6462
2304
4149
5801
4831
2682
7639
6871
6181
8023
17
5916
621
6138
8016
3411
7034
4642
3595
7702
5453
2402
8582
7914
1429
5086
6591
9268
6231
7125
9121
2423
507
6302
5390
2282
4721
3949
4414
6728
6363
2185
4173
5503
68
1371
9329
499
2037
4254
8407
8262
8222
448
5739
3519
3354
9823
1064
7562
565
2035
3427
4956
3052
4496
5504
4029
2397
6992
1900
3703
653
9965
9429
9319
5026
1483
8211
3029
8454
6688
5051
6943
8548
873
1456
8977
7313
4264
7933
7258
8909
6823
3985
5222
3114
8404
6840
8483
2395
5123
1474
4906
8526
5983
4859
1869
33
2038
8627
6408
4593
8689
9009
4126
8311
7819
9365
9455
5574
6420
395
3582
6028
5054
8543
2699
4392
1477
8094
3111
345
2597
4397
3258
5369
3652
3644
7397
4248
2882
1219
2328
9637
6286
8197
4574
9953
1277
822
4900
9679
4
1960
2519
6876
2150
8604
4531
6460
9185
9454
4930
3434
7166
958
2396
1861
3190
6963
6755
9723
9934
7028
5870
6723
1372
559
5063
803
7325
6073
6759
674
6386
7331
5746
285
3896
5053
6985
9114
1487
9735
3783
8667
8714
4616
3247
3587
1615
8778
4301
850
4913
1531
8964
2156
8361
3259
238
3107
6096
5816
1967
6372
7207
9817
8821
2681
3007
5102
1748
7036
3110
5765
9775
698
647
2767
9264
1055
7725
8782
1015
9359
3221
2718
5607
6916
9243
3857
9144
4278
570
6431
613
6171
6490
4756
8421
2943
2630
4481
7782
5880
5273
520
5745
2895
5604
5202
2729
7587
2173
701
5654
9346
4129
8737
9184
4818
670
1319
4415
1648
8800
1987
8432
1690
388
7266
2549
7832
7501
3408
3120
2944
69
8313
9774
9096
2081
3144
9810
4457
8819
2711
9192
2517
2787
8062
3574
1914
6756
2520
5221
7623
1446
9631
904
6825
8119
1983
2089
262
7755
1267
8992
8654
5990
9235
4010
249
6652
5253
2611
5683
7634
2274
2312
7248
1984
2706
2925
742
6904
9779
3670
2801
9625
2162
5667
384
7439
8271
6843
8775
4743
6046
6740
5820
7220
5805
4118
6251
4233
8131
6248
2468
9745
8575
436
1770
9741
7522
1113
3025
5385
6540
8519
6810
4005
7401
9476
6418
662
5252
3128
3669
811
5207
1611
8908
8569
3453
9940
9881
5920
6157
5312
8010
4244
4864
4253
2971
4695
3602
4755
207
7464
3395
1563
3097
1053
8248
3851
2232
2652
7052
1810
5719
9117
1561
6355
4865
1985
4570
3308
6872
2356
4544
4813
8699
4542
9148
7614
110
7285
2973
7159
4440
8841
646
1919
9964
4475
8080
7117
5888
8172
4290
3229
9347
3323
2749
1740
7637
203
9658
896
9315
3022
6798
7543
9006
2501
6208
2469
7981
1700
4648
9955
2192
7132
6562
3765
6207
7679
9357
522
1927
3168
8905
1435
2294
6203
7980
9386
5830
986
3510
6730
9904
8786
5203
6600
7670
974
3094
141
1532
5906
5714
9174
9042
9487
6930
5843
3800
2133
5035
5507
4709
4764
2733
1004
8318
4947
2690
3695
8840
6151
1391
6186
8601
9278
8721
1924
9156
6065
9132
8813
531
5255
5411
3225
4601
7465
166
5835
9269
1137
7676
9231
8632
944
8071
8395
3534
5316
7970
4327
6784
7931
9486
305
9703
7447
8805
7030
9358
3901
6149
3313
4770
2337
535
1729
2011
4416
4171
8740
9907
5965
7044
6454
9550
865
4951
5952
3770
1078
4103
8097
3608
8152
9447
9053
3977
1840
1151
2618
4345
2532
1503
10000
3600
1749
1588
849
882
3948
8650
4509
2414
8506
4734
4014
7151
3733
4123
3470
2087
9250
75
4663
1416
2804
1059
1662
575
7158
3721
4166
7566
3050
9262
259
3834
134
6565
5320
3320
8893
2299
6567
2208
7919
9691
8769
5196
6806
6010
7734
5934
5324
7485
2831
2271
8125
143
1678
7215
8303
661
8847
9256
8462
9089
5176
3213
8562
8641
5771
5795
6036
3131
3858
9326
766
2938
2407
9098
9557
8771
4929
876
6284
2194
6598
6160
9877
7527
2562
7959
168
2219
296
6641
2202
9339
998
2136
6122
3322
4911
4986
4391
2985
8323
6006
198
5359
4094
7706
8533
5625
5175
2052
8391
213
9616
2410
1966
9768
8045
442
3275
74
3414
9820
5017
7852
5885
2424
7080
485
8766
4667
1171
5845
304
4885
4844
7795
7484
476
1313
2757
8599
1859
7827
5265
4312
5380
4337
9952
412
2502
8342
1366
5576
6940
4404
7917
6015
3598
1387
2444
2913
6256
9176
2494
7569
6690
5235
8610
2193
2705
5394
8971
7228
6924
9972
551
7687
9795
1569
3134
5857
7499
2851
3785
6505
40
6214
8960
2655
4702
5374
6092
2858
8278
4641
458
2590
556
8957
2934
658
5445
759
9886
3116
4577
2484
3248
596
4142
877
3676
3262
6827
2954
5685
4890
7090
2901
3055
7588
9630
3118
5351
5285
6533
1341
614
8221
5289
3715
3902
2101
7929
8678
1439
9864
6800
7431
2921
4449
3394
2654
2275
824
8589
5809
9849
7491
9372
3176
1369
2506
2889
8387
7131
9093
5346
8884
8308
8411
6489
1709
5995
8332
4691
5950
5482
3899
2815
8162
67
2053
9158
5074
7109
5603
4272
8429
5682
4499
5964
8715
8581
9561
7421
5535
1661
7658
572
3757
392
5886
7870
8491
2986
9794
9498
8897
1496
1111
8816
1375
805
9504
7430
3502
4944
7170
8339
8375
5498
2435
9253
8818
4421
8671
28
7002
9828
8932
7414
7557
2051
4838
7862
1377
6734
7848
6865
5058
8314
7024
9013
5398
9911
1045
3767
4159
5555
8858
5421
8844
6584
4979
3833
336
6941
340
2039
1287
355
2777
1593
6099
8878
5736
6464
150
2533
8422
6120
1831
4288
6957
9301
1290
3667
1104
5010
7747
4453
7309
3764
3816
4230
8480
1139
21
854
9217
8237
8331
8779
3105
6543
1691
7930
8532
828
4634
3161
400
9408
1977
6194
2631
6324
2388
3607
108
2034
6873
2118
2794
8872
4297
5152
3340
1854
6674
4425
9894
6711
9337
502
1944
5047
7570
834
579
1773
6653
1195
2892
9101
2822
990
5436
5527
3024
9880
3632
3518
2759
1688
107
8613
5887
3482
4869
7317
4294
4444
1200
3804
4133
1564
6766
7097
9119
1804
8559
4474
8738
9166
2408
6647
9017
356
7039
1379
8273
6771
4832
6425
5733
6326
5094
4810
5938
6362
7107
4175
9936
1548
7139
4296
6552
8755
78
3115
5817
6341
3572
2727
9832
735
6077
5526
6339
8742
6658
4543
1518
496
3529
2545
9316
2602
5401
7823
1650
1608
3718
3966
9525
620
5572
1225
1178
6786
3514
7994
994
2627
1527
9022
3722
8634
7715
2554
6316
4987
8329
2045
4316
705
6857
8306
4309
7476
2915
5349
6424
386
1234
6229
1625
1008
8791
1209
2902
9753
1789
9402
6745
7814
1699
3043
9334
5004
1577
3921
2240
8622
4762
3732
584
8988
1163
9415
66
7283
5515
3058
1239
3586
2079
3738
744
4299
2674
5439
4645
1686
3751
5488
2825
3638
498
1419
2280
3856
7518
9274
2368
6226
9036
370
4243
7812
7662
6437
7454
1076
8111
8438
7589
7512
7578
8597
2846
7638
6185
6499
7856
2691
4204
6655
178
3719
2095
6881
147
4395
7152
7510
7631
31
2996
6841
8944
6110
3358
903
7855
215
333
8783
173
1107
5949
5048
4716
2021
3041
4461
3339
1592
3500
7460
9045
8358
362
3891
4107
858
7478
4995
3950
9104
5909
5898
5797
130
7302
3743
4937
2622
3616
6683
7494
3756
1037
1978
6081
8167
4539
2106
5344
8698
7620
1928
2941
1882
8510
2160
8282
9371
930
8486
3036
6773
9922
2745
3135
7509
7636
7863
3013
5821
7269
8279
9442
1641
433
729
7081
2912
1476
9248
4975
6879
2174
7480
157
6204
983
5110
4003
3216
7752
9318
2108
1772
3375
9813
2457
2359
7156
9092
4994
7876
5787
7294
2669
3031
6067
6530
6481
1782
2243
793
9963
4431
7172
1826
7927
9444
7787
1339
5980
5653
3760
5391
4563
719
199
6021
9541
9523
380
3827
7182
183
8631
9143
3905
3631
3707
9388
7828
4339
9647
3195
3102
2785
6132
9612
6643
8439
26
4632
3429
756
1029
6788
7134
8924
6760
573
758
291
2161
949
103
7783
2805
4735
1167
4310
6383
9998
2344
9175
428
9531
6252
8656
1540
3277
1140
6603
9624
9059
2188
2059
5955
7656
5117
5091
1619
6864
2603
8095
7121
6391
5491
6057
8356
3023
8672
9996
8579
6573
5854
3446
7586
2700
5435
9740
8089
9462
7809
97
7116
1757
1127
5309
387
2775
3960
6426
5925
3773
7889
6601
1930
9715
8674
9865
7790
9693
9306
3210
7463
464
1135
9390
8231
8460
8219
1965
9363
2171
2987
2308
2007
1667
3614
2155
9430
941
6942
7618
582
7913
4850
9305
3803
3772
8459
9002
6850
5020
5634
7135
8730
5167
7804
5422
3407
121
860
1512
6071
610
5788
4228
4693
8108
4448
1096
5107
6997
9552
9150
3694
4904
2909
709
2247
9503
1514
8643
3235
3362
5969
7386
3611
8081
1201
5724
9049
7077
3530
250
3940
6578
6996
4160
7624
3270
1463
6274
5519
3961
9544
4116
8991
2076
1818
6577
8428
4045
2717
3498
3192
1578
5147
6859
9458
8495
9378
7867
4739
1536
2012
3540
9607
6216
5228
8851
7180
8928
4403
8
2278
9931
8245
450
3271
1506
7666
6695
3020
7287
9001
9407
3584
1333
8911
2795
9328
2660
3932
8657
6954
4899
5105
5813
2619
8735
8849
6044
4302
2552
4152
9644
3955
1326
1188
1205
2641
6855
2042
9189
3973
2781
43
807
4558
8153
7277
1576
8788
9291
6781
6047
3903
869
6789
6281
9914
3008
16
1929
6483
4484
8179
6526
8058
3594
9242
7799
313
8605
7784
8161
1043
5875
7802
4880
8861
7017
8155
2664
7568
5978
2130
5623
4232
8373
3744
9882
9928
555
334
4356
5628
3682
1990
3243
645
6212
2263
2331
6903
1407
4538
6769
1254
2374
2119
2677
6927
8250
8556
187
1085
8949
9791
9664
493
587
9190
1816
3476
2217
2703
5182
5376
622
9261
3723
676
5900
1413
1909
1039
8624
6966
8056
1847
8797
8259
2586
905
7237
602
3624
816
9308
5777
947
8301
2538
9783
2650
3944
3566
9440
4835
3003
7865
3618
7635
6278
13
637
1663
6303
3376
8727
4298
5156
6116
4423
8943
6479
6920
538
5532
1511
2098
6419
2537
1800
2422
8093
2732
9434
2995
5410
1235
7647
889
192
3506
8696
5367
554
7947
8305
7027
7176
4922
9157
1499
2326
6715
3821
5558
3882
2841
6040
1530
7127
6929
4644
3146
9490
8120
6735
2764
5510
5650
9593
2465
9532
7071
7686
223
4105
3230
5775
8261
1108
1895
7533
9154
2766
5034
8530
1553
8741
7434
7773
3527
784
364
2811
5752
4728
8918
5977
4406
3612
445
7743
4653
2708
906
6413
9652
5194
2704
217
1360
4113
5284
2504
7221
5464
7714
3759
9438
720
3087
9602
2103
618
4155
1067
8497
1237
376
8492
9499
3912
4064
1727
8966
541
722
3027
9961
1940
5548
716
7402
9409
3461
9406
5
5550
5256
515
4293
9050
9559
2316
8050
942
9241
483
2726
8385
907
9043
2845
9040
2491
9978
1058
5912
8315
6953
4566
298
6753
5633
6545
5003
4347
1507
9675
6590
5361
8187
5755
9901
5018
1340
5631
5029
739
311
2784
6907
2978
3678
5979
9069
7137
9522
9294
5689
8073
358
3035
8235
1262
41
2140
1365
6555
2509
4413
3143
9524
8372
4608
3512
7200
950
8440
6861
116
8625
4619
4349
101
8676
4704
9587
9086
1970
1833
7626
7726
3935
8435
1276
2088
3267
6915
7609
7549
9969
7673
7894
2476
3049
3564
7850
8710
3401
4662
7371
4335
1830
7841
4036
7660
4224
5641
3220
1272
9873
2229
7350
600
864
3490
1509
6692
8205
1775
2180
7483
1666
2959
4112
7187
9016
6501
4447
4084
685
4533
6981
745
9267
7965
5001
6946
5680
8694
8191
8109
5963
8147
6858
3179
7136
6039
3987
8043
222
4698
2849
1521
3226
1961
8564
9321
3356
3980
9529
1381
3617
3937
7505
6198
6665
3269
4435
7645
8725
3069
5025
9400
3845
9572
5839
1844
9986
2570
6642
8856
7357
1582
9108
1626
1305
5075
2668
9459
7839
1640
170
2090
7383
3553
1630
5891
6846
4408
4547
1438
5328
4186
6329
9806
8102
2553
7244
2014
424
8502
4857
7252
6860
2924
9249
8360
4955
8596
8420
9172
536
4336
7513
4000
4176
7467
9343
1910
6609
3452
5112
9910
4257
3776
7684
5428
360
3397
5534
6752
7724
2362
9361
5838
9670
1689
6263
8471
4184
4776
2593
775
8938
2154
6548
2126
2534
7537
7445
8370
4493
5081
8941
8478
4099
4573
2798
6911
7164
8956
1124
2433
9147
3137
1103
470
9848
3681
3766
4500
2838
7765
760
5141
6200
1899
7114
608
3084
501
3855
4714
2062
593
7642
2027
2722
6978
6162
851
9657
9234
3559
5942
5269
3004
5395
3279
8445
4821
1513
8648
5046
4364
2073
4971
8760
8239
6179
6357
1003
583
8209
6914
2017
7898
2980
4825
5850
1036
51
9090
3873
293
791
3589
8003
9793
7130
3293
2168
5570
3158
7627
5278
9697
6050
8204
1516
9908
1306
342
5372
4668
9145
697
2439
1812
4529
8628
6153
4275
417
3250
4679
1538
5895
4578
4673
1860
4962
3317
9509
1606
1065
8868
1753
9138
6345
7515
5414
9007
4110
2378
136
6100
732
5567
7443
1376
2085
7957
5970
1809
6030
2967
7271
4497
390
546
2935
6470
6376
2213
156
1708
3798
9061
1431
1278
9962
9484
6950
9141
3202
7186
2957
3782
7907
6727
182
5992
5240
5093
295
9229
6188
9701
4389
487
9255
8544
9579
8482
4234
8503
4156
3957
2327
7490
5606
4482
8837
7692
9508
2269
792
6467
5957
9728
6680
301
4707
402
1083
4942
707
5642
30
2426
1764
2856
8733
527
634
4300
9030
6572
7198
1768
7361
589
1864
5191
9898
8115
1047
528
1726
456
1747
361
3325
9111
9349
8127
9841
5989
761
4041
723
6085
350
4334
7194
848
5431
3717
1711
9515
3497
4848
2474
7759
669
2680
6429
5213
146
880
1552
1056
7534
49
3866
6912
8912
1885
8504
9915
7054
330
8917
1852
8712
2313
8163
680
5779
1248
89
7348
1643
9598
1712
2928
3075
7453
3915
2224
663
8574
7536
1082
6078
71
778
5188
3061
8343
7868
3212
7051
4162
3852
9401
1389
3242
3900
533
2897
3889
437
7408
6400
2542
3312
2384
1865
1172
268
4794
5516
6563
6344
1138
53
8075
692
8862
553
8316
982
351
4221
9620
2559
3045
1401
5545
8028
2463
3674
2855
4868
3126
8784
9421
7710
4889
1870
6976
7891
1024
7278
4729
9373
3495
2555
827
9713
6599
8347
921
5588
1343
2974
4606
7345
3990
1728
9939
457
2074
3806
6751
6205
2736
4569
830
5045
7416
7746
2887
5325
3531
6948
9473
7785
9081
963
2135
3763
6119
7874
1136
25
6123
7370
4585
9199
5921
9277
2264
5919
3865
5189
7892
3983
6538
636
4719
8608
2078
6477
1189
9699
5613
6236
5660
2742
9777
2693
5766
6807
3862
4072
4433
8793
5333
5988
9332
9391
6814
9609
3481
691
4295
18
8591
6693
898
800
9856
9032
5698
979
1034
1660
5386
7346
8642
9650
2643
4620
5514
5208
6782
6445
5822
1125
3033
2091
9331
8538
6144
6001
7089
6402
2644
4073
2086
6072
5508
4746
9500
8340
1406
3180
9673
2022
7359
6261
35
8553
3927
5142
2013
7124
8268
6280
6602
2201
5104
9033
9681
754
8496
5632
3842
1575
5041
1183
7256
1680
9987
3854
9948
4032
2112
9367
7594
1820
6397
7983
6471
3995
8091
9027
7598
588
4241
4066
3544
6500
4095
4594
4763
9423
1737
7056
4282
5350
6342
3792
1848
8145
1351
9687
5761
5591
8633
569
831
5711
8055
8252
4605
4886
1976
953
7582
5644
7990
8001
4218
2285
3364
3724
2962
8869
8351
4192
444
117
5858
4303
8384
4269
5042
6669
3625
3406
2564
8290
8825
9517
3777
3869
5931
1402
3685
5480
774
6970
861
9456
4965
8293
2656
7967
2621
454
5121
5500
2510
1999
8008
9350
247
7519
871
1084
9921
1565
82
76
1144
5403
4140
6933
7861
1633
5867
9345
5705
225
4551
6390
6427
3964
7722
3071
5889
6019
3165
2290
7246
3457
6772
6691
3153
9852
9568
235
9867
2365
9721
1685
9797
232
1646
5731
5103
1143
9240
8761
8173
7742
631
4560
1562
7111
1839
1824
9585
9933
4407
1525
7691
4834
7781
2305
5313
6150
5065
3872
2628
1327
9920
8025
7770
4999
5621
9215
7602
2614
8801
7561
5923
9954
934
6704
7646
7438
211
4582
8745
6395
1602
7388
7528
5201
1746
7695
5272
9044
8661
2701
1449
7032
8704
7347
6686
9313
3403
5599
9392
9566
3343
1408
3233
1595
4489
7173
2334
5893
8186
6416
6127
2875
3720
4075
2437
623
2746
8799
197
6733
2758
377
7410
7918
7572
3112
5463
717
4195
2382
9287
2853
6027
2744
3344
5917
6761
6075
3808
7144
6349
462
6405
9875
7895
5087
8722
9601
592
2
4170
4503
7459
4828
3696
9511
2816
8232
7000
276
2455
1238
2885
5055
9837
1969
2496
9140
5084
3551
5764
3064
8830
2596
509
8780
8337
6564
2835
439
2391
6819
6664
125
3156
409
3579
2579
139
8382
4263
736
6264
3249
4070
7043
6656
3442
5847
973
1448
5363
1677
5866
8973
4208
1121
4773
746
4685
8913
3208
4664
288
9538
2120
2428
3926
8537
1386
8965
1380
7763
1390
8684
7611
2528
3393
3169
4666
132
7470
2589
1106
2524
241
5271
6184
5406
2789
2473
5751
3048
8904
6406
4090
9340
1322
6137
8151
8215
282
9384
7780
4426
5615
8785
4658
7162
2686
7343
7829
9927
1252
2965
8906
1297
5262
8889
7232
5215
124
4967
4830
1805
9216
7997
7545
4705
4917
4114
9227
7516
9536
984
2419
6041
8476
5124
5460
4245
1280
8359
1697
8101
2209
5419
6062
6525
4009
3232
2102
4265
2539
825
9302
7789
4870
5799
5119
2673
8990
2020
9322
3538
1046
2931
4279
1119
9396
5088
20
279
312
9464
3489
1213
2637
4718
3471
4829
7450
8925
6971
8265
6482
1146
8078
3254
1946
8551
6468
3260
753
5217
6175
4665
4246
1164
6732
3431
8266
2523
4307
246
4819
8716
8789
4487
5392
2738
8112
5754
4181
2696
5237
2023
1475
7247
5144
8640
9545
6016
2329
6318
3913
5638
9651
7606
6826
7070
8285
4797
8886
4910
9428
654
3655
3829
4260
1950
7948
5547
9519
7978
6152
1281
4621
9289
8263
4814
7668
514
5220
1568
1647
6507
9666
6211
1684
8635
4554
4789
4696
8322
5873
9280
6271
8865
5224
9685
3157
1501
4077
6389
8864
7998
3745
6183
3289
3787
8424
6633
5442
6961
3769
5200
2032
2580
1088
3386
1347
9422
8603
129
4887
257
7140
3399
1168
5565
6466
6842
2434
327
3542
3849
7956
5612
3292
6422
8036
5214
7087
1074
2144
5716
7708
9037
1490
9414
5851
5828
5831
8379
8348
5079
7418
5449
4635
4661
689
2131
3635
2823
4519
9179
3466
2488
7057
3630
2214
2033
8092
9778
3006
6493
4597
1557
3214
2493
3583
7141
2907
9862
6612
8060
227
7150
8792
7362
9743
77
4517
266
4231
7542
1933
7764
7995
4379
9055
7263
5170
6234
7575
2291
7360
5290
9127
8174
956
2413
9746
9903
2945
5247
2969
8032
7005
3880
8580
8691
1217
9258
5945
1180
6374
7622
5637
1426
6818
3702
1906
980
6919
1454
6177
9649
4572
1307
3366
4586
5681
5890
6993
9198
7958
9694
5747
4611
5184
7169
2730
919
1300
6307
5402
5804
8978
8728
3659
948
5474
2115
2390
6206
945
4135
2479
4928
891
6094
4215
5693
3775
8207
1947
8397
9582
5314
7778
9072
7291
3609
7908
5343
5721
5263
9970
8328
1265
2541
1228
58
9170
3117
1014
5593
7021
6660
4203
7293
1220
4888
872
8365
7487
5530
5610
8739
837
8427
5307
1721
8192
8586
7157
3653
7681
8726
3418
6037
5199
688
1156
138
473
3177
1256
8193
5715
5501
5559
3871
4639
3072
8832
6585
1353
3860
5437
4710
5692
9194
3264
3310
8987
5151
6869
5467
7657
6805
4361
435
5951
5703
2485
4723
624
8942
3746
4250
4251
2649
5283
9923
9271
1398
1279
420
8774
5863
9335
3621
258
9067
6709
2874
6202
3747
8086
4198
2438
1367
8903
9707
6700
2601
5679
3133
8143
8572
6808
3686
3353
2625
5013
3159
9470
7655
7835
1652
7068
9354
8247
8535
4892
627
650
308
4523
5780
4636
8550
5099
1550
9714
2497
7041
6180
3615
3223
5489
1440
5166
4348
4881
7047
109
145
2595
8523
6053
6377
4513
2277
6830
6359
6022
8390
3499
1618
6435
3198
4019
3523
3063
3562
9507
7733
6133
4998
1843
9107
9720
8685
3449
9671
1889
4845
3315
1836
6797
3303
4607
6029
1693
9165
9418
6323
5996
6605
7694
4518
314
9706
8065
32
4669
1069
1445
6290
4694
3548
4816
3876
8136
3479
9230
9771
5825
4053
7268
9077
981
2459
169
6164
2228
2015
7503
6951
3790
7821
5993
8160
5486
9900
1796
46
4954
4637
6253
7319
9333
5723
544
234
8879
7223
7772
8600
6310
7365
3972
7938
1079
8317
6301
2146
4537
185
1184
5409
2184
2114
9932
7471
782
1617
4322
7667
1452
1871
3610
6218
3909
2911
1010
5647
7123
3867
5675
378
503
1110
322
3976
911
7794
8668
580
7792
3888
5907
2191
6854
8400
6991
2558
1226
3236
6918
2296
3327
4067
6774
8345
8216
6430
1554
826
4629
841
4039
9534
3511
9976
5525
3897
843
9131
6646
1964
1884
4777
209
6035
7323
4052
3108
1484
4511
4328
4132
1216
8087
1481
8798
3545
4972
4074
5536
6863
3065
2617
9968
9527
769
2166
3639
4969
7937
6476
1695
2141
6497
8808
6469
1141
599
6524
337
1792
8072
5762
5399
2812
6637
3697
2381
4271
6758
8952
3740
1040
1131
9232
5342
9266
5824
9058
585
4760
6033
8106
6003
4803
1958
9885
3673
4791
7489
526
655
6090
2898
9460
3549
6394
1629
6038
4579
4847
6492
2100
1492
9394
7288
9446
2464
7193
3813
2972
9639
6311
5433
9835
4884
3387
1777
7923
3359
2333
7798
3287
3791
1541
879
4313
7007
8447
3410
3363
3130
6890
5005
1271
8048
1945
1941
5012
6654
2966
668
5254
9419
7730
3815
7974
6102
7026
7859
6439
1020
6195
4055
3400
1622
7072
3203
1939
1623
343
1425
5735
5033
5984
3417
9959
5590
1574
3000
206
9273
5883
1922
6994
8006
992
7432
3543
8939
3409
148
4970
7704
3933
2591
2663
440
5281
1303
9011
6045
6098
7142
4026
8876
9838
7932
2939
8053
4684
5358
7420
7373
7757
2819
5299
5819
2093
5757
1465
1755
1311
4056
348
4680
823
5469
8803
4252
6240
1799
3823
2158
5974
4398
1668
8410
3623
3870
1903
1923
9317
5956
9344
1790
188
321
9496
120
8171
8244
8066
8612
8135
15
4925
3488
9263
8853
6849
9219
8619
7267
8652
6118
3454
2869
7605
8914
3329
8344
7608
2968
7192
6703
4015
6528
5032
7735
90
3881
2248
7148
6174
6269
1478
3231
2866
3591
1823
4780
4376
2456
5655
3568
4750
3178
8900
2561
9379
9502
3919
3730
5248
6947
5146
7672
4226
2044
4562
181
6083
1918
8839
975
7941
4006
1253
80
2092
1028
4163
810
4688
4712
6265
9497
8448
5149
7126
9571
1461
3911
5310
1054
9342
3729
3057
5216
3370
5304
7905
7312
1808
8794
4532
1491
4119
5744
3677
2854
2233
7050
6221
8713
6998
8770
3741
8697
1243
9134
4138
4631
642
8584
87
3423
9020
9816
2653
5598
6884
5259
3068
4692
5826
961
1920
3170
8169
5185
8891
3245
8764
3390
5696
9130
2490
5016
7737
4701
3648
5726
7986
4806
4918
2540
639
3067
9309
1077
5562
6024
7208
8866
6059
895
4380
8620
9654
3513
2632
5472
4089
1430
9847
2262
2867
6739
1707
4357
3952
6289
3705
5947
7290
6213
5915
196
3840
1295
8484
4933
9850
8870
5899
4240
1259
5322
4940
9167
9748
4223
8133
9690
5712
191
5205
6838
1573
5375
5971
6737
7690
7468
176
4908
9659
3641
5935
2005
5730
7314
1436
3916
3580
6172
8983
8846
1471
432
5037
6885
1412
7079
8607
7466
8039
6670
4439
7265
5181
1469
9570
2878
7845
3575
3781
7448
1251
3272
2765
354
8867
6804
3689
7292
8381
4525
8423
6717
2322
6506
8234
9029
1450
5594
7356
5720
8082
1268
5728
8921
3468
1780
1500
1019
3290
2871
5162
6681
5687
3774
6527
7446
1017
4031
8260
5183
7332
4549
7368
8751
7112
6442
3139
7617
9752
6190
5686
9580
552
3868
2548
6052
3302
3426
9929
1597
987
6108
3473
3106
3801
6407
3994
8295
1572
7006
3528
562
8437
5128
6272
8836
3886
111
4640
8226
5052
6189
7529
7013
929
9592
79
242
9628
434
2436
8485
5487
7073
5902
4117
2507
9709
6725
763
9645
7
7680
6393
517
7018
7441
545
3351
1986
6012
9808
8140
472
8527
1329
6634
6575
9765
504
3101
1585
7741
7422
63
8664
3389
2477
8027
1637
890
8541
7428
3460
1714
7846
9542
3164
5302
5782
4622
9665
5002
3300
7209
3062
7596
9310
1118
8756
431
757
7344
2151
9840
3283
6746
9207
2478
5172
8258
2145
7952
2930
3831
3092
36
3074
7074
2006
4713
9957
3981
799
633
6168
7275
5366
5279
4966
3391
4419
8724
34
7175
415
1898
4050
8426
8477
7521
5737
5717
2453
6922
9195
931
5595
9260
5095
5573
7976
6696
7573
4027
5160
5006
6074
632
7678
4134
8378
8688
8614
8602
962
2238
5616
6878
7427
8181
382
8304
2956
3197
7960
4187
9220
8804
9766
8857
9370
1587
9656
8507
2441
1838
7091
5129
4941
7195
3150
5444
5811
4383
3123
2430
9290
4703
6009
7745
243
3794
3501
5477
5132
6063
4687
4069
7236
9698
8126
2527
3830
6698
5179
2075
3011
2755
1758
255
9047
372
2830
1269
2512
11
5229
5174
6114
649
1803
9463
2778
4144
19
3051
9299
3314
897
9420
2142
6371
8809
703
6799
1866
1075
640
8621
3483
6458
3246
721
9283
7761
408
7297
8394
7713
9600
8068
7517
6607
1913
2205
5354
965
2475
2454
6333
8890
4827
1627
3328
264
6581
6712
7078
7777
2977
7235
1580
1494
221
2412
8465
4247
4086
1855
3222
5315
3837
3838
7768
7403
3140
2330
7092
5383
9830
5635
9327
2514
1651
7351
5073
8848
4049
6455
2195
95
5699
3687
563
3859
5106
9467
5790
8997
9162
5246
7390
9977
3093
5600
4506
7830
8286
4957
3021
2001
7184
9988
5953
7565
894
5400
133
3298
3357
733
1534
5347
4725
6201
7879
7066
310
6292
7045
8744
2529
9435
7961
3726
9113
5318
5998
2387
2379
290
7654
5440
5092
9366
8212
7190
3711
2129
216
909
6404
8493
9754
8995
396
6629
349
7161
6076
286
2979
6824
7185
6649
9024
6570
714
85
9052
2860
6926
9272
2077
7031
2731
3578
6856
1579
7524
5077
2521
9296
9983
1591
9324
4207
2125
3181
1674
3620
3712
3103
398
2002
4466
3447
9764
1460
6726
9827
8528
4592
7014
5876
8199
5044
9680
8781
6026
1735
9770
4876
2735
6048
5334
6537
3437
5773
9171
3604
6463
2186
9412
6984
7858
8767
248
3374
8873
399
4183
4591
8377
6222
628
625
4726